[GlobalSettings]
ScaleModelFactor=1.2e-07
NewShieldingFactor=1
InsideOutsideFactor=500
Fence=0.35
Occupancy=4
LightZYieldFactor=10
BlockNameToCalculate=DB0
RateCutoff=1e+06

[LocationFactors]
N0318_P2=0.16
N0318_P2P3=0.20333333333333334
N0318_P3=0.29
N0318_P4=0.27
N0318_P5=0.015
N0306_P2=7.8e-05
N0306_P2P3=0.001452
N0306_P3=0.0042
N0306_P4=0.016
N0306_P5=0.015
N0319_P2=1.6e-05
N0319_P2P3=0.000264
N0319_P3=0.00076
N0319_P4=0.0019
N0319_P5=0.03
N0325A_P2=0.58
N0325A_P2P3=0.68
N0325A_P3=0.88
N0325A_P4=4.5
N0325A_P5=0.1
N0325B_P2=0.097
N0325B_P2P3=0.14466666666666667
N0325B_P3=0.24
N0325B_P4=0.29
N0325B_P5=0.022
N0304B_P2=0.073
N0304B_P2P3=0.132
N0304B_P3=0.25
N0304B_P4=0.94
N0304B_P5=0.62
N0314_P2=0.0042
N0314_P2P3=0.011466666666666667
N0314_P3=0.026
N0314_P4=0.11
N0314_P5=37.1
N0305_P2=0.0042
N0305_P2P3=0.011466666666666667
N0305_P3=0.026
N0305_P4=0.11
N0305_P5=37.1
N0308B_P2=0.027
N0308B_P2P3=0.08133333333333333
N0308B_P3=0.19
N0308B_P4=0.94
N0308B_P5=20.3
N0322_P2=0.0012
N0322_P2P3=0.0058
N0322_P3=0.015
N0322_P4=0.012
N0322_P5=0.0083
N0323_P2=8e-04
N0323_P2P3=0.013533333333333333
N0323_P3=0.039
N0323_P4=0.0012
N0323_P5=0.007
N0324_P2=0.0012
N0324_P2P3=0.0008116666666666666
N0324_P3=3.5e-05
N0324_P4=2e-04
N0324_P5=6.8e-05
N0304_P2=1.5e-06
N0304_P2P3=4e-06
N0304_P3=9e-06
N0304_P4=8.5e-05
N0304_P5=0.0019
N0315_P2=0.0021
N0315_P2P3=0.0016266666666666667
N0315_P3=0.00068
N0315_P4=0.00057
N0315_P5=1.6e-05

[StopLocationBoundaries]
Limit1=-310
Limit2=-170
Limit3=-100
Limit4=100
Limit5=170
Limit6=310
Rule="x<Limit1:P2, x<Limit2:P3, x<Limit3:P4, x<Limit4:P5, x<Limit5:P4, x<Limit6:P3, else:P2"
